grad =

  -0.0010482
   0.0000000
   0.0000000
  -0.0000000
   0.0000001
   0.0000001
  -0.0000001
   0.0000006
  -0.0000002
  -0.0000000
  -0.0000000
  -0.0000000
  -0.0000000
  -0.0000001
  -0.0000000
  -0.0000001
  -0.0000002
  -0.0000000
   0.0000000
  -0.0000000
   0.0000000
  -0.0000000
  -0.0000000
   0.0000001
  -0.0000007
  -0.0000008
  -0.0000000
   0.0000007
  -0.0000005
  -0.0000002
   0.0000002
   0.0000000
   0.0000002
   0.0000006
   0.0000004
   0.0000013
   0.0000017
  -0.0000003
  -0.0000005
  -0.0000000
  -0.0000000
   0.0000000
   0.0000000
   0.0000000
  -0.0000014
  -0.0000032
  -0.0000057
  -0.0000054
   0.0000033
   0.0000046
   0.0000012
   0.0000021
   0.0000001
   0.0000021
   0.0000044
   0.0000077
   0.0000063
   0.0000008
  -0.0000025
  -0.0000001
  -0.0000000
   0.0000000
  -0.0000000
  -0.0000003
   0.0000066
   0.0000263
   0.0000456
   0.0000670
   0.0000401
   0.0000384
  -0.0000024
  -0.0000218
   0.0000024
  -0.0000049
   0.0000151
   0.0000192
   0.0000386
   0.0000696
   0.0000694
   0.0000014
   0.0000007
   0.0000000
  -0.0000003
   0.0000024
   0.0000011
   0.0000107
   0.0001450
   0.0001132
  -0.0000111
  -0.0000891
  -0.0001285
  -0.0000207
   0.0000088
  -0.0000319
   0.0000135
   0.0000115
  -0.0001237
  -0.0000162
   0.0000650
   0.0000105
   0.0000013
  -0.0000000
   0.0000009
   0.0000030
  -0.0000878
  -0.0000195
   0.0000296
   0.0000396
  -0.0000013
  -0.0001501
  -0.0000948
   0.0000805
   0.0000256
  -0.0000305
   0.0000251
  -0.0000055
  -0.0003118
  -0.0001476
   0.0001306
   0.0000245
   0.0000014
   0.0000000
  -0.0000003
   0.0000280
  -0.0000051
  -0.0000074
   0.0000360
  -0.0000150
   0.0000097
  -0.0000215
   0.0000004
  -0.0000108
  -0.0000423
  -0.0000572
  -0.0000705
  -0.0001559
  -0.0002526
  -0.0003503
  -0.0000510
   0.0000357
   0.0000012
   0.0000000
  -0.0000014
   0.0000611
   0.0000688
  -0.0000604
  -0.0000033
  -0.0000342
   0.0000157
  -0.0001287
  -0.0000251
  -0.0000469
  -0.0001346
  -0.0001536
  -0.0004969
  -0.0006820
  -0.0005978
  -0.0005512
  -0.0002157
   0.0001167
  -0.0000004
  -0.0000007
   0.0000109
   0.0000341
  -0.0001056
  -0.0000981
  -0.0000829
  -0.0001427
  -0.0001292
  -0.0001503
  -0.0001276
  -0.0003065
  -0.0005371
  -0.0006022
  -0.0006143
  -0.0007399
  -0.0006202
  -0.0003888
  -0.0000567
   0.0001441
   0.0000201
  -0.0000015
   0.0000203
  -0.0000280
  -0.0001555
  -0.0002457
  -0.0003091
  -0.0003912
  -0.0004085
  -0.0003991
  -0.0004648
  -0.0007011
  -0.0008400
  -0.0008121
  -0.0006824
  -0.0005810
  -0.0004019
  -0.0003456
  -0.0001229
   0.0001041
   0.0000054
  -0.0000011
   0.0000130
  -0.0000786
  -0.0001656
  -0.0003153
  -0.0005035
  -0.0004938
  -0.0005874
  -0.0008112
  -0.0009951
  -0.0010774
  -0.0009803
  -0.0005917
  -0.0005449
  -0.0005344
  -0.0005033
  -0.0003212
  -0.0000503
   0.0000789
  -0.0000039
  -0.0000001
   0.0000072
  -0.0000684
  -0.0003533
  -0.0005177
  -0.0005501
  -0.0005549
  -0.0007656
  -0.0008548
  -0.0008386
  -0.0006475
  -0.0005555
  -0.0003523
  -0.0003760
  -0.0005025
  -0.0003973
  -0.0002091
   0.0000866
   0.0000845
  -0.0000004
  -0.0000004
   0.0000049
   0.0000617
  -0.0001291
  -0.0003994
  -0.0004917
  -0.0005882
  -0.0005790
  -0.0005011
  -0.0003548
  -0.0003192
  -0.0003161
  -0.0001904
  -0.0001583
  -0.0001121
  -0.0000023
  -0.0001083
  -0.0000394
   0.0000412
   0.0000047
  -0.0000004
   0.0000108
  -0.0000176
  -0.0003799
  -0.0004613
  -0.0005304
  -0.0003496
  -0.0002215
  -0.0002132
  -0.0000260
  -0.0000483
   0.0000154
  -0.0000083
  -0.0001132
  -0.0001515
   0.0000233
  -0.0000487
  -0.0000018
   0.0000415
   0.0000018
  -0.0000000
   0.0000025
  -0.0000133
  -0.0001355
  -0.0001982
  -0.0001738
  -0.0001230
  -0.0000706
   0.0000707
   0.0000682
   0.0000119
   0.0000572
   0.0000255
  -0.0001422
  -0.0000319
  -0.0000286
  -0.0001023
   0.0000724
   0.0000379
   0.0000018
   0.0000000
  -0.0000010
   0.0000044
   0.0000574
   0.0000290
  -0.0001139
  -0.0000499
   0.0000330
   0.0000390
   0.0000269
   0.0000526
   0.0000762
   0.0000617
   0.0000391
  -0.0000193
  -0.0000711
  -0.0000122
   0.0000680
   0.0000006
   0.0000002
  -0.0000000
   0.0000004
  -0.0000029
  -0.0000207
   0.0000526
   0.0000128
   0.0000137
   0.0000226
   0.0000110
   0.0000031
  -0.0000006
   0.0000083
   0.0000373
  -0.0000242
  -0.0000715
  -0.0000369
   0.0000257
   0.0000189
  -0.0000006
   0.0000002
   0.0000000
   0.0000003
  -0.0000016
  -0.0000174
   0.0000410
   0.0000452
   0.0000089
  -0.0000107
  -0.0000063
   0.0000054
  -0.0000015
   0.0000015
   0.0000090
  -0.0000296
  -0.0001448
  -0.0001506
  -0.0000312
   0.0000100
   0.0000001
   0.0000000
  -0.0000000
  -0.0000000
  -0.0000000
   0.0000035
   0.0000149
   0.0000005
   0.0000012
  -0.0000343
  -0.0000276
   0.0000041
  -0.0000132
  -0.0000027
   0.0000019
  -0.0000010
  -0.0000301
  -0.0000871
  -0.0000222
   0.0000023
  -0.0000000
  -0.0000000
   0.0000000
   0.0000000
  -0.0000000
   0.0000002
  -0.0000011
  -0.0000004
  -0.0000002
   0.0000030
   0.0000027
  -0.0000003
  -0.0000024
   0.0000000
  -0.0000044
  -0.0000180
   0.0000009
   0.0000081
   0.0000019
  -0.0000002
   0.0000000
   0.0000000

Iteration    26 | Cost: 1.975129e-02